Date,Description,Amount,Balance,Category,Transfer_Type,Transfer_Target
,,3120.86,3120.86,,,
,,25.35,3146.21,,,
,,64.43,3210.64,,,
,,-1.00,3209.64,,,
,,-1.00,3208.64,,,
,,-1.00,3207.64,,,
,,2000.00,5207.64,,,
,,-665.00,4542.64,,,
,,-325.94,4216.70,,,
,,-20.18,4196.52,,,
,,-8.00,4188.52,,,
,,-20.00,4168.52,,,
,,4715.06,7116.11,,,
,,4715.06,7178.20,,,
,,4715.06,323.63,,,
,,-673.00,-12118.84,,,
,,-1720.00,-13838.84,,,
,,-508.00,-14346.84,,,
,,-2996.00,-17342.84,,,
,,-17219.26,-17219.26,,,